********** Global Response Time For Center 1 For All Couple**********
12,12,163.46779488796;
12,13,156.67294717959;
12,14,152.54449756003;
12,15,150.06727947678;
12,16,148.59070716743;
12,17,147.71817535928;
12,18,147.21177659828;
12,19,146.92709502296;
12,20,146.77446390557;
12,21,146.69759349672;
12,22,146.66173262277;
12,23,146.64643735878;
12,24,146.64054953779;
12,25,146.63853236431;
12,26,146.63792736236;
12,27,146.63777180163;
12,28,146.63773846778;
12,29,146.63773275343;
12,30,146.63773201872;
12,31,146.63773195575;
13,12,177.05884471455;
13,13,169.76278610145;
13,14,165.34448721622;
13,15,162.70189780983;
13,16,161.13111272789;
13,17,160.20488903036;
13,18,159.66813356947;
13,19,159.36667746386;
13,20,159.20514521996;
13,21,159.12381732209;
13,22,159.08588293265;
13,23,159.06970444324;
13,24,159.06347681622;
13,25,159.06134324872;
13,26,159.06070333960;
13,27,159.06053880356;
13,28,159.06050354648;
13,29,159.06049750243;
13,30,159.06049672534;
13,31,159.06049665873;
14,12,188.12744171112;
14,13,180.42373341754;
14,14,175.76974170725;
14,15,172.99267080258;
14,16,171.34524737641;
14,17,170.37532908968;
14,18,169.81385936626;
14,19,169.49874242296;
14,20,169.32995981476;
14,21,169.24500066886;
14,22,169.20537700911;
14,23,169.18847894543;
14,24,169.18197447113;
14,25,169.17974607450;
14,26,169.17907772559;
14,27,169.17890587713;
14,28,169.17886905314;
14,29,169.17886274048;
14,30,169.17886192885;
14,31,169.17886185928;
15,12,196.66689930638;
15,13,188.64896386267;
15,14,183.81331781982;
15,15,180.93259260162;
15,16,179.22608550552;
15,17,178.22247133077;
15,18,177.64193745891;
15,19,177.31628055086;
15,20,177.14190317704;
15,21,177.05414174342;
15,22,177.01321439502;
15,23,176.99576099167;
15,24,176.98904285561;
15,25,176.98674127271;
15,26,176.98605097480;
15,27,176.98587348283;
15,28,176.98583544953;
15,29,176.98582892957;
15,30,176.98582809128;
15,31,176.98582801943;
16,12,202.88890277766;
16,13,194.64214826323;
16,14,189.67423307416;
16,15,186.71802990743;
16,16,184.96849321523;
16,17,183.94033398362;
16,18,183.34591062505;
16,19,183.01257356053;
16,20,182.83411906796;
16,21,182.74431539075;
16,22,182.70243791735;
16,23,182.68457977863;
16,24,182.67770592357;
16,25,182.67535100161;
16,26,182.67464470700;
16,27,182.67446310196;
16,28,182.67442418732;
16,29,182.67441751626;
16,30,182.67441665855;
16,31,182.67441658504;
17,12,207.15559688649;
17,13,198.75199011807;
17,14,193.69341092696;
17,15,190.68546963298;
17,16,188.90643424479;
17,17,187.86144604862;
17,18,187.25749838447;
17,19,186.91889438455;
17,20,186.73764369428;
17,21,186.64643934214;
17,22,186.60391021265;
17,23,186.58577447838;
17,24,186.57879382005;
17,25,186.57640231430;
17,26,186.57568504798;
17,27,186.57550062189;
17,28,186.57546110275;
17,29,186.57545432807;
17,30,186.57545345704;
17,31,186.57545338238;
18,12,209.89854337718;
18,13,201.39412407725;
18,14,196.27727487705;
18,15,193.23608061296;
18,16,191.43808465574;
18,17,190.38227856515;
18,18,189.77220806286;
18,19,189.43021793559;
18,20,189.24716949243;
18,21,189.15506458754;
18,22,189.11211647619;
18,23,189.09380226106;
18,24,189.08675293313;
18,25,189.08433790565;
18,26,189.08361358501;
18,27,189.08342734513;
18,28,189.08338743732;
18,29,189.08338059601;
18,30,189.08337971642;
18,31,189.08337964102;
19,12,211.54433716983;
19,13,202.97943794479;
19,14,197.82763177281;
19,15,194.76648832575;
19,16,192.95711704925;
19,17,191.89482047160;
19,18,191.28107623299;
19,19,190.93705433772;
19,20,190.75292716895;
19,21,190.66028188814;
19,22,190.61708236531;
19,23,190.59866105182;
19,24,190.59157051827;
19,25,190.58914137643;
19,26,190.58841282280;
19,27,190.58822549453;
19,28,190.58818535351;
19,29,190.58817847222;
19,30,190.58817758748;
19,31,190.58817751165;
20,12,212.46128765280;
20,13,203.86269487946;
20,14,198.69141427561;
20,15,195.61915710542;
20,16,193.80344847242;
20,17,192.73753584318;
20,18,192.12174479648;
20,19,191.77659088618;
20,20,191.59186268917;
20,21,191.49891632745;
20,22,191.45557672530;
20,23,191.43709573953;
20,24,191.42998224732;
20,25,191.42754524133;
20,26,191.42681432920;
20,27,191.42662639451;
20,28,191.42658612354;
20,29,191.42657921998;
20,30,191.42657833238;
20,31,191.42657825630;
21,12,212.93286444841;
21,13,204.31694422665;
21,14,199.13564863865;
21,15,196.05767606470;
21,16,194.23870830761;
21,17,193.17093601549;
21,18,192.55409232105;
21,19,192.20835622319;
21,20,192.02331891928;
21,21,191.93021771197;
21,22,191.88680606702;
21,23,191.86829439176;
21,24,191.86116909190;
21,25,191.85872804138;
21,26,191.85799591626;
21,27,191.85780766970;
21,28,191.85776733190;
21,29,191.85776041688;
21,30,191.85775952780;
21,31,191.85775945159;
22,12,213.15517975241;
22,13,204.53109103124;
22,14,199.34507419594;
22,15,196.26440726996;
22,16,194.44390308915;
22,17,193.37525410362;
22,18,192.75791416009;
22,19,192.41190360042;
22,20,192.22672057311;
22,21,192.13354636623;
22,22,192.09010075777;
22,23,192.07157461441;
22,24,192.06444374800;
22,25,192.06200079074;
22,26,192.06126809378;
22,27,192.06107970018;
22,28,192.06103933088;
22,29,192.06103241046;
22,30,192.06103152069;
22,31,192.06103144442;
23,12,213.25045784320;
23,13,204.62286836683;
23,14,199.43482815984;
23,15,196.35300652184;
23,16,194.53184387772;
23,17,193.46281916738;
23,18,192.84526654550;
23,19,192.49913835894;
23,20,192.31389287843;
23,21,192.22068738584;
23,22,192.17722722151;
23,23,192.15869487749;
23,24,192.15156162540;
23,25,192.14911785096;
23,26,192.14838490893;
23,27,192.14819645231;
23,28,192.14815606951;
23,29,192.14814914677;
23,30,192.14814825670;
23,31,192.14814818041;
24,12,213.28720798047;
24,13,204.65826821765;
24,14,199.46944757049;
24,15,196.38718054522;
24,16,194.56576392303;
24,17,193.49659429042;
24,18,192.87895963543;
24,19,192.53278607844;
24,20,192.34751650880;
24,21,192.25429894883;
24,22,192.21083317007;
24,23,192.19229843436;
24,24,192.18516426208;
24,25,192.18272017244;
24,26,192.18198713588;
24,27,192.18179865496;
24,28,192.18175826694;
24,29,192.18175134331;
24,30,192.18175045313;
24,31,192.18175037683;
25,12,213.29980802965;
25,13,204.67040531209;
25,14,199.48131708586;
25,15,196.39889735659;
25,16,194.57739365629;
25,17,193.50817433606;
25,18,192.89051155543;
25,19,192.54432244285;
25,20,192.35904461407;
25,21,192.26582291672;
25,22,192.22235521301;
25,23,192.20381965729;
25,24,192.19668516952;
25,25,192.19424097181;
25,26,192.19350790283;
25,27,192.19331941358;
25,28,192.19327902378;
25,29,192.19327209984;
25,30,192.19327120962;
25,31,192.19327113332;
26,12,213.30358804461;
26,13,204.67404644070;
26,14,199.48487794079;
26,15,196.40241240034;
26,16,194.58088257661;
26,17,193.51164835009;
26,18,192.89397713177;
26,19,192.54778335252;
26,20,192.36250304600;
26,21,192.26928010742;
26,22,192.22581182623;
26,23,192.20727602451;
26,24,192.20014144209;
26,25,192.19769721196;
26,26,192.19696413326;
26,27,192.19677564151;
26,28,192.19673525117;
26,29,192.19672832714;
26,30,192.19672743691;
26,31,192.19672736060;
27,12,213.30456004847;
27,13,204.67498273093;
27,14,199.48579358922;
27,15,196.40331626875;
27,16,194.58177972757;
27,17,193.51254166801;
27,18,192.89486828000;
27,19,192.54867330075;
27,20,192.36339235709;
27,21,192.27016909934;
27,22,192.22670066966;
27,23,192.20816480468;
27,24,192.20103019792;
27,25,192.19858595945;
27,26,192.19785287825;
27,27,192.19766438586;
27,28,192.19762399538;
27,29,192.19761707133;
27,30,192.19761618110;
27,31,192.19761610479;
28,12,213.30476833502;
28,13,204.67518336455;
28,14,199.48598979960;
28,15,196.40350995484;
28,16,194.58197197421;
28,17,193.51273309328;
28,18,192.89505924034;
28,19,192.54886400394;
28,20,192.36358292375;
28,21,192.27035959761;
28,22,192.22689113611;
28,23,192.20835525757;
28,24,192.20122064560;
28,25,192.19877640534;
28,26,192.19804332361;
28,27,192.19785483108;
28,28,192.19781444057;
28,29,192.19780751651;
28,30,192.19780662628;
28,31,192.19780654997;
29,12,213.30480404128;
29,13,204.67521775889;
29,14,199.48602343566;
29,15,196.40354315817;
29,16,194.58200493077;
29,17,193.51276590904;
29,18,192.89509197640;
29,19,192.54889669591;
29,20,192.36361559232;
29,21,192.27039225446;
29,22,192.22692378750;
29,23,192.20838790664;
29,24,192.20125329377;
29,25,192.19880905321;
29,26,192.19807597138;
29,27,192.19788747883;
29,28,192.19784708832;
29,29,192.19784016426;
29,30,192.19783927402;
29,31,192.19783919772;
30,12,213.30480863209;
30,13,204.67522218102;
30,14,199.48602776030;
30,15,196.40354742717;
30,16,194.58200916805;
30,17,193.51277012821;
30,18,192.89509618532;
30,19,192.54890089917;
30,20,192.36361979257;
30,21,192.27039645320;
30,22,192.22692798553;
30,23,192.20839210438;
30,24,192.20125749139;
30,25,192.19881325079;
30,26,192.19808016896;
30,27,192.19789167640;
30,28,192.19785128589;
30,29,192.19784436183;
30,30,192.19784347159;
30,31,192.19784339529;
31,12,213.30480902558;
31,13,204.67522256006;
31,14,199.48602813098;
31,15,196.40354779309;
31,16,194.58200953124;
31,17,193.51277048985;
31,18,192.89509654608;
31,19,192.54890125945;
31,20,192.36362015259;
31,21,192.27039681309;
31,22,192.22692834537;
31,23,192.20839246418;
31,24,192.20125785119;
31,25,192.19881361059;
31,26,192.19808052875;
31,27,192.19789203619;
31,28,192.19785164568;
31,29,192.19784472162;
31,30,192.19784383138;
31,31,192.19784375508;
